exhaust
- Delay -
active: false
- Duration - 
lowMin: 1000.0
lowMax: 1000.0
- Count - 
min: 0
max: 100
- Emission - 
lowMin: 50.0
lowMax: 50.0
highMin: 100.0
highMax: 100.0
relative: false
scalingCount: 1
scaling0: 1.0
timelineCount: 1
timeline0: 0.0
- Life - 
lowMin: 200.0
lowMax: 200.0
highMin: 200.0
highMax: 200.0
relative: false
scalingCount: 3
scaling0: 1.0
scaling1: 1.0
scaling2: 0.3
timelineCount: 3
timeline0: 0.0
timeline1: 0.66
timeline2: 1.0
independent: false
- Life Offset - 
active: false
independent: false
- X Offset - 
active: false
- Y Offset - 
active: false
- Spawn Shape - 
shape: point
- Spawn Width - 
lowMin: 0.0
lowMax: 0.0
highMin: 0.0
highMax: 0.0
relative: false
scalingCount: 1
scaling0: 1.0
timelineCount: 1
timeline0: 0.0
- Spawn Height - 
lowMin: 0.0
lowMax: 0.0
highMin: 0.0
highMax: 0.0
relative: false
scalingCount: 1
scaling0: 1.0
timelineCount: 1
timeline0: 0.0
- X Scale - 
lowMin: 0.0
lowMax: 0.0
highMin: 6.0
highMax: 6.0
relative: false
scalingCount: 1
scaling0: 1.0
timelineCount: 1
timeline0: 0.0
- Y Scale - 
active: false
- Velocity - 
active: true
lowMin: 300.0
lowMax: 300.0
highMin: 400.0
highMax: 400.0
relative: false
scalingCount: 1
scaling0: 1.0
timelineCount: 1
timeline0: 0.0
- Angle - 
active: true
lowMin: -180.0
lowMax: -180.0
highMin: -178.0
highMax: -182.0
relative: false
scalingCount: 3
scaling0: 1.0
scaling1: 0.0
scaling2: 0.0
timelineCount: 3
timeline0: 0.0
timeline1: 0.5
timeline2: 1.0
- Rotation - 
active: false
- Wind - 
active: false
- Gravity - 
active: false
- Tint - 
colorsCount: 18
colors0: 1.0
colors1: 0.9137255
colors2: 0.8901961
colors3: 0.99215686
colors4: 0.9098039
colors5: 0.7882353
colors6: 0.9647059
colors7: 0.63529414
colors8: 0.65882355
colors9: 0.69803923
colors10: 0.32156864
colors11: 0.4
colors12: 0.39215687
colors13: 0.21176471
colors14: 0.29411766
colors15: 0.16470589
colors16: 0.11764706
colors17: 0.13725491
timelineCount: 6
timeline0: 0.0
timeline1: 0.38726333
timeline2: 0.4302926
timeline3: 0.5060241
timeline4: 0.6454389
timeline5: 1.0
- Transparency - 
lowMin: 0.0
lowMax: 0.0
highMin: 1.0
highMax: 1.0
relative: false
scalingCount: 9
scaling0: 0.0
scaling1: 1.0
scaling2: 0.94736844
scaling3: 0.8596491
scaling4: 0.68421054
scaling5: 0.47368422
scaling6: 0.31578946
scaling7: 0.10526316
scaling8: 0.0
timelineCount: 9
timeline0: 0.0
timeline1: 0.0890411
timeline2: 0.26027396
timeline3: 0.4178082
timeline4: 0.5479452
timeline5: 0.65753424
timeline6: 0.72602737
timeline7: 0.84246576
timeline8: 0.9589041
- Options - 
attached: false
continuous: true
aligned: true
additive: true
behind: false
premultipliedAlpha: false
spriteMode: single
- Image Paths -
exhaust_particle.png

